579
129
853
142
803
671
635
484
983
245
815
470
112
521
225
687
712
188
91
544
889
422
92
98
817
785
767
476
146
702
641
14
311
24
808
336
531
703
720
86
170
943
866
381
85
737
26
622
136
458
323
145
649
842
690
249
418
192
917
498
405
235
181
530
254
595
972
464
341
698
80
428
479
291
678
745
769
265
7
474
130
378
366
127
62
676
999
522
756
287
554
448
223
807
823
882
154
878
929
962
545
538
598
992
288
349
750
368
732
779
251
33
792
533
869
637
655
993
828
15
289
664
89
125
96
770
215
839
233
994
306
838
178
415
679
208
908
6
725
871
186
307
241
363
206
222
740
384
705
431
608
584
816
528
451
960
621
744
825
694
163
590
771
56
684
503
338
320
747
148
761
367
218
55
562
646
693
628
587
865
696
795
410
933
438
19
325
667
567
603
489
736
820
277
900
647
539
700
648
231
234
165
383
557
82
743
739
350
359
499
4
519
715
210
382
632
284
141
905
43
199
347
133
650
848
100
876
850
247
537
733
721
63
728
196
955
766
379
788
659
226
137
94
79
118
413
711
758
353
394
40
402
266
310
1
588
555
896
449
276
280
901
57
315
65
10
297
847
532
593
689
352
738
918
64
267
911
928
987
295
670
60
680
361
34
93
38
237
250
764
710
147
904
371
285
221
507
138
944
51
570
614
436
340
292
160
760
934
279
174
830
197
469
523
547
230
41
985
355
173
916
777
564
430
942
99
258
429
722
601
321
403
407
490
657
110
115
264
895
903
389
502
858
487
143
23
613
594
855
688
938
612
888
364
425
568
271
73
78
253
930
578
322
575
357
851
216
31
508
69
404
380
45
426
525
260
625
332
919
200
672
799
272
275
497
675
602
504
644
840
757
571
246
312
963
922
810
789
783
358
937
573
105
727
517
52
255
551
214
553
892
164
809
607
883
392
926
139
802
101
166
990
692
754
212
74
83
423
966
864
860
324
161
969
742
968
471
468
269
881
651
421
666
967
71
996
301
510
932
784
290
862
708
867
114
719
204
434
505
759
979
362
946
330
600
558
109
709
140
749
714
781
496
780
339
826
144
39
463
270
72
124
446
596
473
180
108
3
360
662
293
227
609
958
472
619
735
131
398
718
319
318
273
217
113
491
552
880
157
706
616
420
155
806
195
283
640
84
894
313
697
12
585
891
356
351
513
773
182
190
465
119
604
335
374
229
541
346
512
844
726
53
342
242
863
393
259
370
940
988
639
228
67
419
66
753
205
716
328
32
695
730
162
620
240
833
977
401
123
877
849
48
868
729
954
515
824
461
68
445
846
104
549
95
794
859
149
945
617
36
660
873
424
663
294
274
581
25
117
899
682
327
774
300
106
618
591
75
184
406
257
973
375
486
921
509
478
956
482
914
153
885
884
337
454
890
980
673
854
886
845
534
636
408
852
856
202
586
303
135
168
550
111
906
627
70
837
812
569
2
416
902
481
516
875
563
630
665
239
857
263
309
49
511
298
861
302
909
755
611
970
787
717
16
681
907
390
540
278
282
345
801
369
887
187
897
741
326
658
631
805
959
948
13
432
778
122
804
447
746
442
870
456
459
734
453
950
452
299
835
30
460
898
775
923
22
800
120
177
185
776
50
193
623
417
102
583
724
997
58
343
268
556
827
329
790
305
668
35
765
354
439
599
386
97
669
560
701
751
44
772
936
59
518
976
191
975
629
500
156
913
652
308
213
372
752
582
791
821
262
395
981
535
686
912
529
893
331
450
831
11
224
677
90
974
314
762
158
377
477
520
577
953
793
924
986
348
957
964
207
536
947
437
811
638
365
683
691
103
605
572
391
713
397
286
843
786
399
643
344
151
927
77
238
592
128
220
179
203
411
116
17
304
527
561
159
642
501
768
589
879
243
183
261
910
493
998
574
952
626
175
566
798
54
435
991
194
488
961
982
467
42
580
707
440
949
813
121
661
874
797
29
704
462
176
201
21
87
597
409
47
46
152
492
27
920
941
167
925
20
150
915
316
818
81
317
76
483
414
385
132
169
978
814
514
654
334
971
256
748
782
9
836
198
480
829
951
656
373
763
236
232
548
984
546
296
28
931
495
935
252
872
88
18
433
685
834
219
819
610
5
1000
615
248
211
653
107
400
699
524
189
396
244
506
388
633
624
494
126
939
171
485
543
526
576
412
441
606
645
542
822
796
466
832
455
37
376
559
731
841
674
965
444
634
427
723
172
134
989
8
457
61
209
281
995
443
475
387
565
333
